0 14 13
1 14 25
2 14 37
3 14 49
4 14 61
5 14 73
6 14 85
7 14 97
8 14 109
9 14 121
10 14 133
11 14 145
12 14 157
13 14 169
14 14 181
15 14 193
16 24 13
17 24 25
18 24 37
19 24 49
20 24 61
21 24 73
22 24 85
23 24 97
24 24 109
25 24 121
26 24 133
27 24 145
28 24 157
29 24 169
30 24 181
31 24 193
32 34 13
33 34 25
34 34 37
35 34 49
36 34 61
37 34 73
38 34 85
39 34 97
40 34 109
41 34 121
42 34 133
43 34 145
44 34 157
45 34 169
46 34 181
47 34 193
48 44 13
49 44 25
50 44 37
51 44 49
52 44 61
53 44 73
54 44 85
55 44 97
56 44 109
57 44 121
58 44 133
59 44 145
60 44 178
61 44 190
62 54 13
63 54 25
64 54 37
65 54 49
66 54 61
67 54 73
68 54 85
69 54 97
70 54 109
71 54 178
72 54 190
73 64 13
74 64 25
75 64 37
76 64 49
77 64 61
78 64 114
79 64 178
80 64 190
81 74 13
82 74 25
83 74 37
84 74 49
85 74 61
86 74 114
87 74 178
88 74 190
89 84 13
90 84 25
91 84 37
92 84 49
93 84 61
94 84 114
95 84 126
96 84 138
97 84 150
98 84 162
99 84 174
100 84 186
101 94 13
102 94 25
103 94 37
104 94 49
105 94 61
106 94 73
107 94 85
108 94 97
109 94 109
110 91 117
111 94 173
112 94 185
113 104 13
114 104 25
115 104 37
116 104 49
117 104 61
118 104 115
119 104 173
120 104 185
121 114 13
122 114 25
123 114 37
124 114 49
125 114 61
126 114 115
127 114 173
128 114 185
129 124 37
130 124 115
131 124 173
132 124 185
133 134 37
134 134 115
135 134 172
136 134 184
137 144 37
138 144 115
139 144 173
140 144 185
141 154 36
142 154 115
143 154 173
144 154 185
145 164 37
146 164 115
147 164 127
148 164 139
149 164 151
150 164 163
151 164 175
152 164 187
153 174 37
154 174 79
155 174 91
156 174 103
157 174 115
158 174 127
159 174 139
160 174 151
161 174 163
162 174 175
163 174 187
164 184 13
165 184 25
166 184 37
167 184 49
168 184 61
169 184 73
170 184 85
171 184 97
172 184 109
173 184 121
174 184 133
175 184 145
176 184 157
177 184 169
178 184 181
179 184 193
180 194 13
181 194 25
182 194 37
183 194 49
184 194 61
185 194 73
186 194 85
187 194 97
188 194 109
189 194 121
190 194 133
191 194 145
192 194 157
193 194 169
194 194 181
195 194 193