60 44 178 71 54 178
61 44 190 72 54 190
71 54 178 79 64 178
72 54 190 80 64 190
79 64 178 87 74 178
80 64 190 88 74 190
87 74 178 99 84 174
88 74 190 100 84 186
99 84 174 111 94 173
100 84 186 112 94 185
111 94 173 119 104 173
112 94 185 120 104 185
119 104 173 127 114 173
120 104 185 128 114 185
127 114 173 131 124 173
128 114 185 132 124 185
131 124 173 135 134 172
132 124 185 136 134 184
135 134 172 139 144 173
136 134 184 140 144 185
139 144 173 143 154 173
140 144 185 144 154 185
143 154 173 151 164 175
144 154 185 152 164 187