0 32 78
1 45 81
2 58 83
3 71 85
4 84 84
5 97 80
6 97 94
7 97 108
8 110 80
9 110 94
10 110 108
11 123 79
12 123 93
13 123 107
14 123 121
15 136 72
16 136 86
17 136 100
18 136 114
19 136 128
20 136 142
21 136 156
22 136 170
23 136 184
24 136 198
25 136 212
26 136 226
27 136 240
28 136 254
29 136 268
30 136 282
31 149 40
32 149 54
33 149 68
34 149 82
35 149 96
36 149 110
37 149 124
38 149 138
39 149 152
40 149 166
41 149 180
42 149 194
43 149 208
44 149 222
45 149 236
46 149 250
47 149 264
48 162 95
49 162 262
50 175 94
51 175 263
52 188 88
53 188 102
54 188 263
55 201 86
56 201 100
57 201 263
58 214 85
59 214 99
60 214 261
61 227 83
62 227 97
63 227 218
64 227 232
65 227 246
66 227 260
67 240 83
68 240 97
69 240 242
70 240 256
71 253 83
72 253 97
73 253 242
74 253 256
75 266 82
76 266 96
77 266 110
78 266 180
79 266 194
80 266 208
81 266 222
82 266 236
83 266 250
84 279 82
85 279 96
86 279 110
87 279 124
88 279 180
89 279 194
90 279 208
91 279 222
92 279 236
93 292 83
94 292 97
95 292 111
96 292 125
97 292 139
98 292 153
99 292 167
100 292 181
101 292 195
102 292 209
103 292 223
104 292 237
105 305 83
106 305 97
107 305 111
108 305 125
109 305 139
110 305 153
111 305 167
112 305 181
113 305 195
114 305 209
115 305 223
116 305 237
117 318 87
118 318 101
119 318 115
120 318 151
121 318 165
122 318 179
123 318 193
124 318 207
125 318 221
126 318 235
127 318 249
128 331 158
129 331 172
130 331 186
131 331 200
132 331 214
133 331 228
134 331 242
135 331 256
