0 373 78
1 360 81
2 347 83
3 334 85
4 321 84
5 308 80
6 308 94
7 308 108
8 295 80
9 295 94
10 295 108
11 282 79
12 282 93
13 282 107
14 282 121
15 269 72
16 269 86
17 269 100
18 269 114
19 269 128
20 269 142
21 269 156
22 269 170
23 269 184
24 269 198
25 269 212
26 269 226
27 269 240
28 269 254
29 269 268
30 269 282
31 256 40
32 256 54
33 256 68
34 256 82
35 256 96
36 256 110
37 256 124
38 256 138
39 256 152
40 256 166
41 256 180
42 256 194
43 256 208
44 256 222
45 256 236
46 256 250
47 256 264
48 243 95
49 243 262
50 230 94
51 230 263
52 217 88
53 217 102
54 217 263
55 204 86
56 204 100
57 204 263
58 191 85
59 191 99
60 191 261
61 178 83
62 178 97
63 178 218
64 178 232
65 178 246
66 178 260
67 165 83
68 165 97
69 165 242
70 165 256
71 152 83
72 152 97
73 152 242
74 152 256
75 139 82
76 139 96
77 139 110
78 139 180
79 139 194
80 139 208
81 139 222
82 139 236
83 139 250
84 126 82
85 126 96
86 126 110
87 126 124
88 126 180
89 126 194
90 126 208
91 126 222
92 126 236
93 113 83
94 113 97
95 113 111
96 113 125
97 113 139
98 113 153
99 113 167
100 113 181
101 113 195
102 113 209
103 113 223
104 113 237
105 100 83
106 100 97
107 100 111
108 100 125
109 100 139
110 100 153
111 100 167
112 100 181
113 100 195
114 100 209
115 100 223
116 100 237
117 87 87
118 87 101
119 87 115
120 87 151
121 87 165
122 87 179
123 87 193
124 87 207
125 87 221
126 87 235
127 87 249
128 74 158
129 74 172
130 74 186
131 74 200
132 74 214
133 74 228
134 74 242
135 74 256
136 74 256
