0 23 85 1 38 80
1 38 80 2 53 82
2 53 82 3 68 85
3 68 85 4 83 85
4 83 85 5 98 80
4 83 85 6 98 98
5 98 80 6 98 98
5 98 80 8 113 80
5 98 80 9 113 98
6 98 98 7 98 116
6 98 98 8 113 80
6 98 98 9 113 98
6 98 98 10 113 116
7 98 116 9 113 98
7 98 116 10 113 116
8 113 80 9 113 98
8 113 80 11 128 59
8 113 80 12 128 77
8 113 80 13 128 95
9 113 98 10 113 116
9 113 98 12 128 77
9 113 98 13 128 95
9 113 98 14 128 113
10 113 116 13 128 95
10 113 116 14 128 113
10 113 116 15 128 131
11 128 59 12 128 77
11 128 59 22 143 72
12 128 77 13 128 95
12 128 77 22 143 72
12 128 77 23 143 90
13 128 95 14 128 113
13 128 95 23 143 90
13 128 95 24 143 108
14 128 113 15 128 131
14 128 113 24 143 108
14 128 113 25 143 126
15 128 131 16 128 149
15 128 131 25 143 126
15 128 131 26 143 144
16 128 149 17 128 167
16 128 149 26 143 144
16 128 149 27 143 162
17 128 167 18 128 185
17 128 167 27 143 162
17 128 167 28 143 180
18 128 185 28 143 180
18 128 185 29 143 198
19 128 227 20 128 245
19 128 227 30 143 216
19 128 227 31 143 234
20 128 245 21 128 263
20 128 245 31 143 234
20 128 245 32 143 252
21 128 263 32 143 252
21 128 263 33 143 270
22 143 72 23 143 90
23 143 90 24 143 108
23 143 90 34 158 95
24 143 108 25 143 126
24 143 108 34 158 95
25 143 126 26 143 144
26 143 144 27 143 162
27 143 162 28 143 180
28 143 180 29 143 198
29 143 198 30 143 216
30 143 216 31 143 234
30 143 216 35 158 221
31 143 234 32 143 252
31 143 234 35 158 221
31 143 234 36 158 239
32 143 252 33 143 270
32 143 252 36 158 239
32 143 252 37 158 257
33 143 270 37 158 257
34 158 95 38 173 95
35 158 221 36 158 239
36 158 239 37 158 257
37 158 257 39 173 263
38 173 95 40 188 88
38 173 95 41 188 106
39 173 263 42 188 263
40 188 88 41 188 106
40 188 88 43 203 86
41 188 106 44 203 104
42 188 263 45 203 263
43 203 86 46 218 85
44 203 104 47 218 103
45 203 263 49 218 252
46 218 85 50 233 83
47 218 103 51 233 101
48 218 234 49 218 252
48 218 234 52 233 231
48 218 234 53 233 249
49 218 252 52 233 231
49 218 252 53 233 249
50 233 83 54 248 83
51 233 101 55 248 101
52 233 231 53 233 249
52 233 231 56 248 241
53 233 249 56 248 241
53 233 249 57 248 259
54 248 83 58 263 82
55 248 101 59 263 100
56 248 241 57 248 259
56 248 241 61 263 243
57 248 259 61 263 243
58 263 82 59 263 100
58 263 82 62 278 82
58 263 82 63 278 100
59 263 100 62 278 82
59 263 100 63 278 100
59 263 100 64 278 118
60 263 180 65 278 180
60 263 180 66 278 198
61 263 243 68 278 234
62 278 82 63 278 100
62 278 82 69 293 83
62 278 82 70 293 101
63 278 100 64 278 118
63 278 100 69 293 83
63 278 100 70 293 101
63 278 100 71 293 119
64 278 118 70 293 101
64 278 118 71 293 119
64 278 118 72 293 137
65 278 180 66 278 198
65 278 180 74 293 173
65 278 180 75 293 191
66 278 198 67 278 216
66 278 198 75 293 191
66 278 198 76 293 209
67 278 216 68 278 234
67 278 216 76 293 209
67 278 216 77 293 227
68 278 234 77 293 227
68 278 234 78 293 245
69 293 83 70 293 101
69 293 83 79 308 84
69 293 83 80 308 102
70 293 101 71 293 119
70 293 101 79 308 84
70 293 101 80 308 102
70 293 101 81 308 120
71 293 119 72 293 137
71 293 119 80 308 102
71 293 119 81 308 120
71 293 119 82 308 138
72 293 137 73 293 155
72 293 137 81 308 120
72 293 137 82 308 138
72 293 137 83 308 156
73 293 155 74 293 173
73 293 155 82 308 138
73 293 155 83 308 156
73 293 155 84 308 174
74 293 173 75 293 191
74 293 173 83 308 156
74 293 173 84 308 174
74 293 173 85 308 192
75 293 191 76 293 209
75 293 191 84 308 174
75 293 191 85 308 192
75 293 191 86 308 210
76 293 209 77 293 227
76 293 209 85 308 192
76 293 209 86 308 210
76 293 209 87 308 228
77 293 227 78 293 245
77 293 227 86 308 210
77 293 227 87 308 228
77 293 227 88 308 246
78 293 245 87 308 228
78 293 245 88 308 246
79 308 84 80 308 102
80 308 102 81 308 120
81 308 120 82 308 138
82 308 138 83 308 156
82 308 138 89 323 151
83 308 156 84 308 174
83 308 156 89 323 151
83 308 156 90 323 169
84 308 174 85 308 192
84 308 174 90 323 169
84 308 174 91 323 187
85 308 192 86 308 210
85 308 192 91 323 187
85 308 192 92 323 205
86 308 210 87 308 228
86 308 210 92 323 205
86 308 210 93 323 223
87 308 228 88 308 246
87 308 228 93 323 223
87 308 228 94 323 241
88 308 246 94 323 241
88 308 246 95 323 259
89 323 151 90 323 169
90 323 169 91 323 187
91 323 187 92 323 205
92 323 205 93 323 223
93 323 223 94 323 241
94 323 241 95 323 259