23 85
38 80
53 82
68 85
83 85
98 80
98 98
98 116
113 80
113 98
113 116
128 59
128 77
128 95
128 113
128 131
128 149
128 167
128 185
128 227
128 245
128 263
143 72
143 90
143 108
143 126
143 144
143 162
143 180
143 198
143 216
143 234
143 252
143 270
158 95
158 221
158 239
158 257
173 95
173 263
188 88
188 106
188 263
203 86
203 104
203 263
218 85
218 103
218 234
218 252
233 83
233 101
233 231
233 249
248 83
248 101
248 241
248 259
263 82
263 100
263 180
263 243
278 82
278 100
278 118
278 180
278 198
278 216
278 234
293 83
293 101
293 119
293 137
293 155
293 173
293 191
293 209
293 227
293 245
308 84
308 102
308 120
308 138
308 156
308 174
308 192
308 210
308 228
308 246
323 151
323 169
323 187
323 205
323 223
323 241
323 259